<?xml version="1.0"?>
<opencv_storage>
<Resolution>1920 1080</Resolution>
<CameraMatrix type_id="opencv-matrix">
	<rows>3</rows>
	<cols>3</cols>
	<dt>d</dt>
	<data>
		2.1232267790366195e+03 0. 640.
		0. 2.1232267790366195e+03 360.
		0. 0. 1.
	</data>
</CameraMatrix>
<DistortionCoefficients type_id="opencv-matrix">
	<rows>5</rows>
	<cols>1</cols>
	<dt>d</dt>
	<data>
		2.0264285197839521e-01
		1.1425724741150529e-01
		0.
		0.
		-1.4920609776407023e+00
	</data>
</DistortionCoefficients>
</opencv_storage>
